35.689500 139.691710 
28.666670 77.216670 
31.222220 121.458060 
-23.547500 -46.636110 
19.073975 72.880838 
19.427318 -99.141869 
39.907500 116.397230 
34.675834 135.553823 
30.039173 31.239411 
40.717042 -74.003663 
23.710400 90.407440 
24.905600 67.082200 
-34.605083 -58.400368 
22.533455 88.356045 
41.013800 28.949700 
29.562780 106.552780 
6.453060 3.395830 
14.604200 120.982200 
-22.902780 -43.207500 
23.125457 113.257374 
34.031656 -118.241716 
55.754996 37.621849 
-4.327580 15.313570 
39.108842 117.188620 
48.853410 2.348800 
22.541487 114.063427 
-6.211831 106.841646 
51.508530 -0.125740 
12.971940 77.593690 
-12.043180 -77.028240 
13.053091 80.248750 
37.568260 126.977830 
4.609710 -74.081750 
35.181470 136.906410 
-26.202270 28.043630 
13.721964 100.525248 
17.375280 78.474440 
41.850030 -87.650050 
31.549722 74.343611 
35.694390 51.421510 
30.583330 114.266670 
30.666670 104.066670 
23.021160 113.741411 
32.048183 118.789812 
23.033330 72.616670 
22.279588 114.188697 
10.750000 106.666670 
23.022778 113.119953 
3.141200 101.686530 
33.340580 44.400880 
-33.456940 -70.648270 
30.293650 120.161420 
24.690466 46.709566 
41.792220 123.432780 
40.416500 -3.702560 
34.289413 108.940242 
43.700110 -79.416300 
25.789097 -80.204044 
18.516057 73.861578 
-19.920830 -43.937780 
32.725410 -97.320850 
21.166670 72.833330 
29.760193 -95.369390 
1.289670 103.850070 
39.952340 -75.163790 
33.606400 130.418100 
-8.836820 13.234320 
31.302068 120.585259 
45.756325 126.646688 
41.388790 2.158990 
33.760000 -84.400000 
15.551770 32.532410 
-6.823490 39.269510 
59.929858 30.326228 
38.895110 -77.036370 
5.345339 -4.026789 
20.666670 -103.333330 
16.805280 96.156110 
31.192471 29.904596 
39.919870 32.854270 
34.528887 69.172460 
36.098610 120.371940 
22.333060 91.836390 
25.666670 -100.316670 
-33.867850 151.207320 
38.913811 121.602322 
24.479790 118.081870 
34.757780 113.648610 
42.347919 -71.064530 
-37.814000 144.963320 
-15.779720 -47.929720 
21.516940 39.219170 
33.449454 -112.074743 
36.676721 116.997142 
45.508840 -73.587810 
23.368140 116.714790 
-1.283330 36.816670 
6.251840 -75.563590 
-3.741170 -38.543575 
25.038890 102.718330 
